Opened /dev/tty.wchusbserial1420
Arduino: 4.73  -4.60 1140   -0.21  30.05  31.82
Arduino: -110.97  -4.73  -4.60 1140    0.09  30.50  32.48
Arduino: -110.97  -4.73  -4.60 1140   -0.21  30.18  32.44
Arduino: -110.97  -4.73  -4.60 1140   -0.21  30.71  31.49
Arduino: š‚r²¢š’rÂªj
Arduino: -110.97  -4.71  -4.61 1144   -0.21  30.64  32.19
Arduino: -110.97  -4.71  -4.61 1144    0.09  30.85  32.84
Arduino: -110.97  -4.71  -4.61 1140    0.09  30.32  32.81
Arduino: -110.97  -4.71  -4.61 1140    0.09  30.77  32.08
Arduino: -110.97  -4.71  -4.62 1140    0.09  30.73  33.28
Arduino: -110.97  -4.71  -4.62 1140   -0.21  30.58  32.84
Arduino: -110.97  -4.71  -4.62 1140   -0.21  30.58  32.10
Arduino: -110.97  -4.71  -4.62 1140    0.09  30.79  32.67
Arduino: -110.97  -4.71  -4.62 1136   -0.21  30.67  32.76
Arduino: -110.97  -4.72  -4.62 1136    0.09  31.30  31.94
Arduino: -110.97  -4.72  -4.62 1140    0.09  30.57  32.88
Arduino: -110.97  -4.72  -4.62 1140   -0.21  30.49  32.63
Arduino: -110.97  -4.72  -4.62 1140   -0.21  30.62  32.22
Arduino: -110.97  -4.72  -4.62 1140    0.09  30.62  32.67
Arduino: -110.97  -4.72  -4.62 1140   -0.21  30.62  32.97
Arduino: -110.97  -4.72  -4.62 1140   -0.21  30.83  32.10
Arduino: -110.97  -4.72  -4.62 1140    0.40  30.71  32.89
Arduino: -110.97  -4.72  -4.62 1140    0.09  30.71  32.65
Arduino: -110.97  -4.72  -4.62 1140   -0.21  30.51  32.24
Arduino: -110.97  -4.72  -4.62 1140    0.09  30.84  32.69
Arduino: -110.97  -4.72  -4.62 1140    0.09  30.72  32.57
Arduino: -110.97  -4.72  -4.62 1140    0.09  30.72  32.36
Arduino: -110.97  -4.72  -4.62 1140    0.40  30.52  32.90
Arduino: -110.97  -4.72  -4.62 1140    0.09  30.84  32.45
Arduino: -110.97  -4.72  -4.62 1144   -0.21  30.52  32.16
Arduino: -110.97  -4.72  -4.62 1144    0.09  30.64  33.03
Arduino: -110.97  -4.72  -4.62 1140   -0.21  30.85  32.46
Arduino: -110.97  -4.72  -4.62 1140    0.09  30.53  32.17
Arduino: -110.97  -4.72  -4.62 1140    0.70  30.65  33.04
Arduino: -110.97  -4.72  -4.62 1140    0.09  31.06  32.67
Arduino: -110.97  -4.72  -4.62 1132    0.09  30.41  32.06
Arduino: -110.97  -4.72  -4.62 1132   -0.21  30.66  33.04
Arduino: -110.97  -4.72  -4.62 1136   -0.51  30.66  32.47
Arduino: -110.97  -4.72  -4.62 1136    0.40  30.87  32.39
Arduino: -110.97  -4.72  -4.62 1136    0.40  30.54  32.92
Arduino: -110.97  -4.72  -4.62 1140   -0.21  30.87  32.69
Arduino: -110.97  -4.72  -4.62 1140    0.09  30.34  32.28
Arduino: -110.97  -4.72  -4.62 1140    0.09  30.79  32.93
Arduino: -110.97  -4.72  -4.62 1140   -0.21  30.67  32.49
Arduino: -110.97  -4.72  -4.62 1140    0.09  30.67  32.40
Arduino: -110.97  -4.72  -4.62 1140    0.09  31.09  32.94
Arduino: -110.97  -4.72  -4.62 1140    0.09  30.64  32.49
Arduino: -110.97  -4.72  -4.62 1140    0.09  30.35  32.41
Arduino: -110.97  -4.72  -4.62 1136   -0.21  30.80  33.15
Arduino: -110.97  -4.72  -4.62 1136    0.09  30.89  32.38
Arduino: -110.97  -4.72  -4.62 1136   -0.21  30.57  32.62
Arduino: -110.97  -4.72  -4.62 1140    0.09  30.90  33.04
Arduino: -110.97  -4.72  -4.62 1140   -0.51  30.57  32.38
Arduino: -110.97  -4.72  -4.62 1144   -0.51  30.90  32.42
Arduino: -110.97  -4.72  -4.62 1144   -0.21  30.78  32.96
Arduino: -110.97  -4.72  -4.61 1140   -0.21  30.28  32.08
Arduino: -110.97  -4.72  -4.61 1140    0.09  30.69  32.20
Arduino: -110.97  -4.72  -4.62 1136    0.09  31.19  33.69
Arduino: -110.97  -4.72  -4.61 1136   -0.21  30.50  31.97
Arduino: -110.97  -4.72  -4.61 1132    0.09  30.57  32.21
Arduino: -110.97  -4.72  -4.62 1132    0.09  30.99  33.71
Arduino: -110.97  -4.72  -4.61 1132    0.09  30.42  31.99
Arduino: -110.97  -4.72  -4.61 1140   -0.21  30.70  32.42
Arduino: -110.97  -4.72  -4.61 1140    0.09  30.91  33.16
Arduino: -110.97  -4.72  -4.61 1140    0.09  31.21  32.10
Arduino: -110.97  -4.72  -4.61 1140   -0.21  30.61  32.21
Arduino: -110.97  -4.72  -4.61 1140    0.40  30.94  33.07
Arduino: -110.97  -4.72  -4.61 1140   -0.21  30.61  32.71
Arduino: -110.97  -4.72  -4.61 1140   -0.21  30.73  32.51
Arduino: -110.97  -4.72  -4.61 1140    0.09  30.94  32.83
Arduino: -110.97  -4.72  -4.61 1140    0.09  31.03  32.51
Arduino: -110.97  -4.72  -4.61 1140    0.09  30.29  32.43
Arduino: -110.97  -4.72  -4.61 1140   -0.21  30.86  32.96
Arduino: -110.97  -4.72  -4.61 1140   -0.51  30.74  32.72
Arduino: -110.97  -4.72  -4.61 1140    0.40  30.75  32.32
Arduino: -110.97  -4.72  -4.61 1140    0.09  30.75  32.97
Arduino: -110.97  -4.72  -4.61 1140   -0.21  30.96  32.52
Arduino: -110.97  -4.72  -4.61 1144   -0.51  30.84  32.44
Arduino: -110.97  -4.72  -4.61 1144    0.40  30.84  32.98
Arduino: -110.97  -4.72  -4.61 1144   -0.51  30.64  32.74
Arduino: -110.97  -4.72  -4.61 1144    0.09  30.76  32.12
Arduino: -110.97  -4.72  -4.61 1140    0.09  30.76  32.90
Arduino: -110.97  -4.72  -4.61 1140   -0.21  30.76  32.87
Arduino: -110.97  -4.72  -4.61 1140    0.09  30.77  32.33
Arduino: -110.97  -4.72  -4.61 1136    0.40  30.98  33.20
Arduino: -110.97  -4.72  -4.61 1136   -0.21  30.86  32.42
Arduino: -110.97  -4.73  -4.60 1140    0.09  31.07  32.17
Arduino: -110.97  -4.73  -4.60 1140    0.09  31.00  33.19
Arduino: -110.97  -4.72  -4.61 1140   -0.21  30.25  32.71
Arduino: -110.97  -4.73  -4.60 1140    0.40  31.20  32.18
Arduino: -110.97  -4.72  -4.61 1140    0.09  30.58  33.49
Arduino: -110.97  -4.72  -4.61 1140    0.09  30.66  32.43
Arduino: -110.97  -4.72  -4.61 1140   -0.21  30.79  32.47
Arduino: -110.97  -4.73  -4.60 1140    0.09  31.42  32.92
Arduino: -110.97  -4.73  -4.60 1140   -0.21  31.10  32.43
Arduino: -110.97  -4.73  -4.60 1140   -0.21  30.77  32.67
Arduino: -110.97  -4.73  -4.60 1140   -0.21  30.90  33.09
Arduino: -110.97  -4.73  -4.60 1140    0.09  30.70  32.23
Arduino: -110.97  -4.73  -4.60 1140    0.09  30.82  32.80
Arduino: -110.97  -4.73  -4.60 1140    0.09  30.82  33.09
Arduino: -110.97  -4.73  -4.60 1140   -0.21  30.82  32.44
Arduino: -110.97  -4.73  -4.60 1136    0.09  30.83  32.48
Arduino: -110.97  -4.73  -4.60 1136    0.09  31.03  33.22
Arduino: -110.97  -4.73  -4.60 1132   -0.21  30.71  32.65
Arduino: -110.97  -4.73  -4.60 1132    0.09  31.04  32.36
Arduino: -110.97  -4.73  -4.60 1132    0.09  30.92  33.02
Arduino: -110.97  -4.73  -4.60 1140   -0.21  30.92  32.58
Arduino: -110.97  -4.73  -4.60 1140    0.09  30.92  32.70
Arduino: -110.97  -4.72  -4.61 1140    0.09  30.29  33.20
Arduino: -110.97  -4.73  -4.60 1140   -0.51  31.25  32.30
Arduino: -110.97  -4.73  -4.60 1144    0.40  31.05  32.50
Arduino: -110.97  -4.72  -4.61 1144    0.09  30.30  33.53
Arduino: -110.97  -4.72  -4.61 1144   -0.21  31.04  32.27
Arduino: -110.97  -4.72  -4.61 1144    0.40  30.71  32.64
Arduino: -110.97  -4.72  -4.61 1140    0.40  30.83  33.26
Arduino: -110.97  -4.73  -4.60 1140   -0.21  31.26  32.20
Arduino: -110.97  -4.73  -4.60 1140    0.09  31.06  32.51
Arduino: -110.97  -4.73  -4.60 1140    0.40  30.94  33.26
Arduino: -110.97  -4.73  -4.60 1140    0.09  30.95  32.27
Arduino: -110.97  -4.73  -4.60 1136    0.09  30.74  33.05
Arduino: -110.97  -4.72  -4.61 1136   -0.21  30.45  33.31
Arduino: -110.97  -4.72  -4.61 1140   -0.21  30.85  32.50
Arduino: -110.97  -4.72  -4.61 1140    0.09  30.85  32.95
Arduino: -110.97  -4.72  -4.61 1140    0.09  30.85  32.83
Arduino: -110.97  -4.72  -4.61 1140    0.09  31.06  32.42
Arduino: -110.97  -4.73  -4.61 1140   -0.21  31.23  33.50
Arduino: -110.97  -4.73  -4.61 1140   -0.21  30.75  33.07
Arduino: -110.97  -4.72  -4.61 1140   -0.21  30.79  31.91
Arduino: -110.97  -4.72  -4.61 1140   -0.21  30.74  32.88
Arduino: -110.97  -4.72  -4.61 1140   -0.51  30.87  32.97
Arduino: -110.97  -4.72  -4.61 1140   -0.21  31.08  32.64
Arduino: -110.97  -4.72  -4.61 1140    0.09  30.96  32.97
Arduino: -110.97  -4.72  -4.61 1144    0.09  30.96  32.65
Arduino: -110.97  -4.72  -4.61 1144   -0.21  30.96  32.36
Arduino: -110.97  -4.73  -4.61 1140    0.09  31.68  33.35
Arduino: -110.97  -4.73  -4.60 1140   -0.21  30.50  32.44
Arduino: -110.98  -4.73  -4.60 1140   -0.21  31.10  32.47
Arduino: -110.98  -4.73  -4.61 1140    0.09  31.07  33.72
Arduino: -110.98  -4.73  -4.61 1140   -0.21  30.92  32.75
Arduino: -110.98  -4.73  -4.61 1140    0.09  30.92  32.46
Arduino: -110.97  -4.73  -4.61 1140    0.40  31.13  33.09
Arduino: -110.97  -4.73  -4.60 1140    0.09  30.72  32.24
Arduino: -110.97  -4.73  -4.60 1140   -0.21  30.79  32.57
Arduino: -110.98  -4.73  -4.61 1144   -0.21  31.21  33.77
Arduino: -110.98  -4.73  -4.60 1144   -0.21  30.65  31.94
Arduino: -110.98  -4.73  -4.60 1140   -0.21  30.92  32.70
Arduino: -110.98  -4.73  -4.61 1140    0.40  31.21  33.53
Arduino: -110.98  -4.73  -4.60 1140    0.09  30.86  32.27
Arduino: -110.98  -4.73  -4.61 1140    0.09  31.30  33.21
Arduino: -110.98  -4.73  -4.61 1140    0.09  30.82  33.22
Arduino: -110.98  -4.73  -4.60 1136   -0.21  30.86  32.14
Arduino: -110.98  -4.73  -4.61 1136   -0.21  31.31  33.22
Arduino: -110.98  -4.73  -4.61 1132    0.09  31.03  33.23
Arduino: -110.98  -4.73  -4.60 1132   -0.51  30.75  31.95
Arduino: -110.98  -4.73  -4.60 1140    0.09  30.82  32.92
Arduino: -110.98  -4.73  -4.61 1140    0.09  31.23  33.85
Arduino: -110.98  -4.73  -4.60 1140   -0.21  30.67  31.83
Arduino: -110.98  -4.73  -4.61 1140    0.09  31.24  33.56
Arduino: -110.98  -4.73  -4.61 1140   -0.21  31.17  33.12
Arduino: -110.98  -4.73  -4.61 1140   -0.21  31.05  32.59
Arduino: -110.98  -4.73  -4.61 1140    0.40  31.05  33.04
Arduino: -110.98  -4.73  -4.61 1140    0.09  31.26  32.92
Arduino: -110.98  -4.73  -4.61 1140   -0.21  30.94  32.51
Arduino: -110.98  -4.73  -4.61 1140    0.09  31.06  33.17
Arduino: -110.98  -4.73  -4.61 1140    0.09  30.86  33.13
Arduino: -110.98  -4.73  -4.61 1136    0.09  30.98  32.60
Arduino: -110.98  -4.73  -4.61 1136    0.09  31.19  32.85
Arduino: -110.98  -4.73  -4.61 1140    0.09  31.07  33.47
Arduino: -110.98  -4.73  -4.61 1140    0.09  30.86  32.49
Arduino: -110.98  -4.73  -4.61 1140    0.40  31.19  33.06
Arduino: -110.98  -4.73  -4.61 1140    0.09  31.07  32.74
Arduino: -110.98  -4.73  -4.61 1140   -0.21  31.08  32.65
Arduino: -110.98  -4.73  -4.61 1140    0.40  31.08  33.19
Arduino: -110.97  -4.73  -4.61 1140    0.09  30.88  33.13
Arduino: -110.97  -4.73  -4.61 1128   -0.21  31.00  32.41
Arduino: -110.97  -4.73  -4.61 1128    0.40  31.21  33.20
Arduino: -110.98  -4.73  -4.61 1140   -0.21  30.88  32.98
Arduino: -110.98  -4.73  -4.61 1140   -0.51  31.21  32.54
Arduino: -110.98  -4.73  -4.61 1140    0.40  30.68  33.20
Arduino: -110.98  -4.73  -4.61 1140   -0.21  31.34  32.96
Arduino: -110.98  -4.73  -4.61 1140   -0.21  30.89  32.56
Arduino: -110.98  -4.73  -4.61 1140    0.09  31.22  33.21
Arduino: -110.98  -4.73  -4.61 1140    0.09  31.30  32.97
Arduino: -110.98  -4.73  -4.61 1144   -0.21  30.98  32.56
Arduino: -110.98  -4.73  -4.61 1144    0.09  30.90  33.22
Arduino: -110.98  -4.73  -4.61 1140   -0.21  31.23  33.18
Arduino: -110.98  -4.73  -4.61 1140   -0.21  30.90  32.24
Arduino: -110.98  -4.73  -4.61 1140    0.09  31.03  33.35
Arduino: -110.98  -4.73  -4.61 1140   -0.21  31.23  32.78
Arduino: -110.98  -4.73  -4.61 1140   -0.21  30.91  32.69
Arduino: -110.98  -4.73  -4.61 1140    0.09  31.03  33.23
Arduino: -110.98  -4.73  -4.61 1140   -0.21  31.24  32.99 1140    0.09  31.03  33.23
Arduino: -4.61 1140   -0.21  31.24  32.99
Arduino: -110.98  -4.73  -4.61 1140    0.09  31.12  32.57
Arduino: -110.98  -4.73  -4.61 1140    0.40  31.12  33.23
Arduino: -110.98  -4.73  -4.61 1144   -0.21  30.92  32.99
Arduino: -110.98  -4.73  -4.61 1144   -0.21  31.04  32.58
Arduino: -110.98  -4.73  -4.61 1140    0.09  31.05  33.24
Arduino: -110.98  -4.73  -4.61 1140   -0.21  31.05  33.00
Arduino: -110.98  -4.73  -4.61 1140   -0.21  31.05  32.80
Arduino: -110.98  -4.73  -4.61 1140    0.40  31.26  33.33
Arduino: -110.98  -4.73  -4.61 1136   -0.51  31.14  32.89
Arduino: -110.98  -4.73  -4.61 1136   -0.21  30.93  32.80
Arduino: -110.98  -4.73  -4.61 1136    0.09  31.06  33.34
Arduino: -110.98  -4.73  -4.61 1140   -0.21  31.06  32.69
Arduino: -110.98  -4.73  -4.61 1140   -0.21  31.06  32.93
Arduino: -110.98  -4.72  -4.61 1148   -0.21  30.61  33.64
Arduino: -110.98  -4.73  -4.61 1148   -0.51  31.47  32.42
Arduino: -110.98  -4.73  -4.61 1136   -0.21  31.07  32.52
Arduino: -110.98  -4.73  -4.61 1136    0.09  31.07  33.59
Arduino: -110.98  -4.73  -4.61 1140   -0.21  31.28  32.70
Arduino: -110.98  -4.72  -4.61 1140   -0.21  30.53  33.03
Arduino: -110.98  -4.72  -4.61 1140    0.09  31.06  33.49
Arduino: -110.98  -4.72  -4.61 1140   -0.21  31.06  32.72
Arduino: -110.98  -4.72  -4.61 1140   -0.21  31.27  32.97
Arduino: -110.98  -4.72  -4.61 1140    0.09  31.15  33.18
Arduino: -110.98  -4.72  -4.61 1140   -0.21  31.15  32.64
Arduino: -110.98  -4.72  -4.61 1140    0.09  31.15  33.09
Arduino: -110.98  -4.72  -4.61 1140    0.09  31.15  33.59
Arduino: -110.98  -4.72  -4.61 1140   -0.21  30.95  32.61
Arduino: -110.98  -4.72  -4.61 1140    0.09  31.07  32.77
Arduino: -110.98  -4.72  -4.61 1144    0.09  31.08  33.31
Arduino: -110.98  -4.72  -4.61 1144   -0.21  31.29  32.86
Arduino: -110.98  -4.72  -4.61 1140    0.09  30.96  32.98
Arduino: -110.98  -4.72  -4.61 1140   -0.21  31.29  33.19
Arduino: -110.98  -4.72  -4.61 1140   -0.21  31.17  32.87
Arduino: -110.98  -4.72  -4.61 1140    0.09  31.17  32.78
Arduino: -110.98  -4.72  -4.61 1140    0.09  30.97  33.32
Arduino: -110.98  -4.72  -4.61 1144    0.09  31.01  32.24
Arduino: -110.98  -4.72  -4.61 1144    0.09  31.25  33.51
Arduino: -110.98  -4.72  -4.61 1140   -0.21  30.81  32.99
Arduino: -110.98  -4.72  -4.61 1140    0.09  31.08  32.53
Arduino: -110.98  -4.72  -4.61 1140    0.09  31.38  33.53
Arduino: -110.98  -4.72  -4.61 1140    0.09  31.31  33.42
Arduino: -110.98  -4.72  -4.61 1140   -0.21  30.70  32.14
Arduino: -110.98  -4.72  -4.61 1140    0.09  31.38  33.54
Arduino: -110.98  -4.72  -4.61 1140    0.09  31.03  33.01
Arduino: -110.98  -4.72  -4.61 1140    0.09  31.18  32.54
Arduino: -110.98  -4.72  -4.61 1140    0.09  31.47  33.74
Arduino: -110.98  -4.72  -4.61 1140    0.09  30.99  33.10
Arduino: -110.98  -4.72  -4.61 1140   -0.21  31.03  32.27
Arduino: -110.98  -4.72  -4.61 1136    0.40  30.98  33.33
Arduino: -110.98  -4.72  -4.61 1136   -0.21  31.32  33.09
Arduino: -110.98  -4.72  -4.61 1144   -0.21  31.20  32.68
Arduino: -110.98  -4.72  -4.61 1144    0.40  30.99  33.34
Arduino: -110.98  -4.72  -4.61 1140   -0.21  30.91  33.10
Arduino: -110.98  -4.72  -4.61 1140   -0.21  31.24  32.69
Arduino: -110.98  -4.72  -4.61 1140   -0.21  31.12  33.55
Arduino: -110.98  -4.72  -4.61 1136   -0.21  31.33  32.78
Arduino: -110.99  -4.72  -4.61 1136   -0.21  31.00  32.84
Arduino: -110.99  -4.72  -4.61 1144    0.40  30.70  33.85
Arduino: -110.98  -4.72  -4.61 1144    0.09  31.32  32.77
Arduino: -110.98  -4.72  -4.61 1136    0.09  31.20  32.84
Arduino: -110.98  -4.72  -4.61 1136   -0.21  31.20  33.37
Arduino: -110.98  -4.72  -4.61 1132   -0.21  31.20  33.13
Arduino: -110.98  -4.72  -4.61 1132   -0.21  30.79  32.72
Arduino: -110.98  -4.72  -4.61 1140    0.09  31.45  33.38
Arduino: -110.98  -4.72  -4.61 1140   -0.21  31.42  32.64
Arduino: -110.98  -4.72  -4.61 1140    0.09  31.35  33.04
Arduino: -110.98  -4.72  -4.61 1136    0.09  31.02  33.46
Arduino: -110.98  -4.72  -4.61 1136   -0.21  31.15  32.80
Arduino: -110.98  -4.72  -4.61 1140   -0.21  31.15  32.84
Arduino: -110.99  -4.72  -4.61 1140   -0.21  31.35  33.41
Arduino: -110.99  -4.72  -4.61 1140    0.09  31.03  32.93
Arduino: -110.99  -4.72  -4.61 1140   -0.21  31.36  33.06
Arduino: -110.99  -4.72  -4.61 1136    0.09  31.04  33.47
Arduino: -110.99  -4.72  -4.61 1136   -0.21  31.37  32.61
Arduino: -110.99  -4.72  -4.61 1140    0.09  31.04  33.18
Arduino: -110.99  -4.72  -4.61 1140   -0.21  31.37  33.48
Arduino: -110.99  -4.72  -4.61 1140   -0.21  31.05  32.83
Arduino: -110.99  -4.72  -4.61 1140   -0.21  30.95  33.37
Arduino: -110.99  -4.72  -4.61 1140    0.09  31.03  33.50
Arduino: -110.99  -4.72  -4.61 1148   -0.51  31.15  32.42
Arduino: -110.99  -4.72  -4.61 1148    0.09  31.36  33.33
Arduino: -110.99  -4.72  -4.61 1140   -0.21  31.67  33.21
Arduino: -110.99  -4.72  -4.60 1140   -0.21  30.97  32.00
Arduino: -110.99  -4.72  -4.61 1144   -0.21  31.34  33.72
Arduino: -110.99  -4.72  -4.60 1144    0.09  30.89  33.07
Arduino: -110.99  -4.72  -4.60 1136   -0.21  31.38  32.62
Arduino: -110.99  -4.72  -4.60 1136    0.09  31.05  33.19
Arduino: -110.99  -4.72  -4.60 1136   -0.21  31.18  33.28
Arduino: -110.99  -4.72  -4.60 1140    0.09  31.39  32.74
Arduino: -110.99  -4.72  -4.60 1140    0.40  31.06  33.20
Arduino: -110.99  -4.72  -4.60 1140   -0.21  31.18  33.28
Arduino: -110.99  -4.72  -4.60 1140    0.09  31.39  32.75
Arduino: -110.99  -4.72  -4.60 1144    0.09  31.07  33.62
Arduino: -110.99  -4.72  -4.60 1144    0.09  31.40  33.05
Arduino: -110.99  -4.71  -4.61 1140    0.09  30.65  33.05
Arduino: -110.99  -4.71  -4.61 1140    0.40  31.17  33.64
Arduino: -110.99  -4.71  -4.61 1140   -0.21  31.38  32.86
Arduino: -110.99  -4.71  -4.61 1140    0.40  31.26  32.90
Arduino: -110.99  -4.71  -4.61 1140    0.09  31.27  33.64
Arduino: -110.99  -4.71  -4.61 1140   -0.21  31.06  32.66
Arduino: -110.99  -4.71  -4.61 1140    0.09  31.19  33.03
Arduino: -110.99  -4.71  -4.61 1140    0.40  31.19  33.65
Arduino: -110.99  -4.71  -4.61 1140   -0.21  31.19  32.67
Arduino: -110.99  -4.71  -4.61 1148    0.09  31.19  33.45
Arduino: -110.99  -4.71  -4.61 1148    0.09  31.40  33.62
Arduino: -110.98  -4.71  -4.61 1144   -0.21  31.08  32.73
Arduino: -110.98  -4.71  -4.61 1144    0.09  31.20  33.12
Arduino: -110.99  -4.71  -4.61 1140   -0.51  31.40  33.57
Arduino: -110.99  -4.71  -4.61 1140   -0.21  31.08  32.68
Arduino: -110.99  -4.71  -4.61 1140    0.09  31.62  33.25
Arduino: -110.99  -4.71  -4.61 1140   -0.21  31.17  33.55
Arduino: -110.99  -4.71  -4.61 1140   -0.21  31.09  32.69
Arduino: -110.99  -4.71  -4.61 1136    0.09  31.21  33.05
Arduino: -110.99  -4.71  -4.61 1136   -0.21  31.01  33.47
Arduino: -110.99  -4.71  -4.61 1140   -0.51  31.54  32.61
Arduino: -110.99  -4.71  -4.61 1140    0.09  31.10  33.80
Arduino: -110.99  -4.71  -4.61 1136   -0.21  31.43  33.11
Arduino: -110.99  -4.71  -4.61 1136    0.09  31.31  32.82
Arduino: -110.99  -4.71  -4.61 1140    0.09  31.10  33.69
Arduino: -110.99  -4.71  -4.61 1140    0.09  31.43  33.12
Arduino: -110.99  -4.71  -4.61 1140    0.09  31.11  32.83
Arduino: -110.99  -4.71  -4.61 1140   -0.21  31.23  33.70
Arduino: -110.99  -4.71  -4.61 1140   -0.51  31.44  33.13
Arduino: -110.99  -4.71  -4.61 1144   -0.21  31.32  32.63
Arduino: -110.99  -4.71  -4.61 1144    0.09  31.32  33.82
Arduino: -110.99  -4.71  -4.61 1140   -0.51  31.12  32.92
Arduino: -110.99  -4.71  -4.61 1140   -0.21  31.24  32.96
Arduino: -110.99  -4.71  -4.61 1136    0.09  31.24  33.70
Arduino: -110.99  -4.71  -4.61 1136   -0.21  31.45  32.93
Arduino: -110.99  -4.71  -4.61 1140   -0.21  31.33  32.97
Arduino: -110.99  -4.71  -4.61 1140    0.09  31.13  33.71
Arduino: -110.99  -4.71  -4.61 1140   -0.21  31.67  32.73
Arduino: -110.99  -4.71  -4.61 1136    0.09  31.01  33.51
Arduino: -110.99  -4.71  -4.61 1136    0.09  31.46  33.48
Arduino: -110.99  -4.71  -4.61 1140    0.09  31.34  32.74
Arduino: -110.99  -4.71  -4.61 1140    0.09  31.14  33.52
Arduino: -110.99  -4.71  -4.61 1140   -0.21  31.26  33.48
Arduino: -110.99  -4.71  -4.61 1140   -0.21  31.47  32.33
Arduino: -110.99  -4.71  -4.61 1144   -0.21  31.15  33.77
Arduino: -110.99  -4.71  -4.61 1144    0.09  31.24  33.28
Arduino: -110.99  -4.71  -4.61 1140   -0.21  31.48  32.88
Arduino: -110.99  -4.71  -4.61 1140    0.09  31.18  33.54
Arduino: -110.99  -4.71  -4.61 1140   -0.21  31.04  33.29
Arduino: -110.99  -4.71  -4.61 1140   -0.21  31.40  32.67
Arduino: -110.99  -4.71  -4.61 1140    0.09  31.49  33.65
Arduino: -110.99  -4.71  -4.61 1140    0.09  31.37  33.30
Arduino: -110.99  -4.71  -4.61 1140    0.09  31.37  32.89
Arduino: -110.99  -4.71  -4.61 1144    0.09  31.37  33.54
Arduino: -110.99  -4.71  -4.61 1144   -0.21  31.37  33.30
Arduino: -110.99  -4.71  -4.61 1136    0.40  31.41  32.90
Arduino: -110.99  -4.71  -4.61 1136    0.40  31.38  33.76
Arduino: -110.99  -4.71  -4.61 1136    0.09  31.38  32.98
Arduino: -110.99  -4.71  -4.61 1148   -0.21  31.18  33.02
Arduino: -110.99  -4.71  -4.61 1148    0.09  31.30  33.76
Arduino: -110.99  -4.71  -4.61 1140   -0.21  31.51  32.99
Arduino: -110.99  -4.71  -4.61 1140   -0.21  31.39  33.03
Arduino: -110.99  -4.71  -4.61 1136    0.09  31.60  33.77
Arduino: -110.99  -4.71  -4.61 1136    0.09  31.48  32.79
Arduino: -110.99  -4.71  -4.61 1140   -0.21  31.07  33.36
Arduino: -110.99  -4.71  -4.61 1140   -0.21  31.28  33.65
Arduino: -110.99  -4.71  -4.61 1144   -0.21  31.31  32.80
Arduino: -110.99  -4.71  -4.61 1144    0.09  31.82  33.59
Arduino: -110.99  -4.71  -4.61 1144    0.09  31.21  33.80
Arduino: -110.99  -4.71  -4.61 1140   -0.21  31.04  32.59
Arduino: -110.99  -4.71  -4.61 1140    0.09  31.61  33.67
Arduino: -110.99  -4.71  -4.61 1140   -0.21  31.55  33.48
Arduino: -110.99  -4.72  -4.60 1140    0.09  31.56  32.25 1140   -0.21  31.55  33.48
Arduino: -4.60 1140    0.09  31.56  32.25
Arduino: -110.99  -4.71  -4.61 1140    0.40  30.83  33.67
Arduino: -110.99  -4.72  -4.60 1140   -0.21  31.75  33.18
Arduino: -110.99  -4.72  -4.60 1140   -0.21  31.53  32.92
Arduino: -110.99  -4.71  -4.61 1140    0.09  31.02  34.07
Arduino: -110.99  -4.72  -4.60 1140   -0.21  31.85  32.73
Arduino: -110.99  -4.72  -4.60 1140   -0.21  31.24  33.05
Arduino: -110.99  -4.72  -4.60 1140    0.09  31.36  33.59
Arduino: -110.99  -4.72  -4.60 1140    0.09  31.57  33.14
Arduino: -110.99  -4.72  -4.60 1140   -0.21  31.45  33.06
Arduino: -110.99  -4.72  -4.60 1140    0.40  31.25  33.80
Arduino: -110.99  -4.72  -4.60 1140   -0.21  31.37  32.82
Arduino: -110.99  -4.72  -4.60 1140    0.09  31.58  33.18
Arduino: -110.99  -4.72  -4.60 1140    0.09  31.26  33.81
Arduino: -110.99  -4.72  -4.60 1140   -0.51  31.59  32.82
Arduino: -110.99  -4.72  -4.60 1140    0.09  31.26  33.19
Arduino: -110.99  -4.72  -4.60 1132    0.09  31.18  34.01
Arduino: -110.99  -4.72  -4.60 1132   -0.21  31.51  32.70
Arduino: -110.99  -4.72  -4.60 1132   -0.21  31.59  33.61
Arduino: -110.99  -4.72  -4.60 1140    0.09  31.27  33.58
Arduino: -111.00  -4.72  -4.60 1140   -0.51  31.59  32.87
Arduino: -111.00  -4.72  -4.60 1140    0.11  31.27  33.40
Arduino: -111.00  -4.72  -4.60 1140   -0.20  31.39  33.70
Arduino: -111.00  -4.72  -4.60 1140    0.11  31.60  32.84
Arduino: -110.99  -4.72  -4.60 1140    0.11  31.49  33.59
Arduino: -111.00  -4.72  -4.60 1144   -0.50  31.27  33.41
Arduino: -111.00  -4.72  -4.60 1144   -0.20  31.40  32.97
Arduino: -111.00  -4.72  -4.60 1132    0.11  31.61  33.42
Arduino: -111.00  -4.72  -4.60 1132   -0.20  31.49  33.51
Arduino: -111.00  -4.72  -4.60 1132   -0.20  31.49  32.77
Arduino: -111.00  -4.72  -4.60 1144    0.11  31.50  33.55
Arduino: -111.00  -4.72  -4.60 1144    0.11  31.29  33.31
Arduino: -111.00  -4.72  -4.60 1140   -0.20  31.62  33.10
Arduino: -111.00  -4.72  -4.60 1140    0.11  31.30  33.64
Arduino: -111.00  -4.72  -4.60 1144   -0.50  31.42  33.40
Arduino: -111.00  -4.72  -4.60 1144   -0.20  31.63  32.78
Arduino: -111.00  -4.72  -4.60 1144   -0.20  31.51  33.97
Arduino: -111.00  -4.72  -4.60 1144   -0.20  31.51  33.28
Arduino: -111.00  -4.72  -4.60 1136   -0.20  31.51  33.20
Arduino: -111.00  -4.72  -4.60 1136    0.11  31.52  33.53
Arduino: -111.00  -4.72  -4.60 1136   -0.20  31.31  33.21
Arduino: -111.00  -4.72  -4.60 1140    0.11  31.64  32.91
Arduino: -111.00  -4.72  -4.60 1140    0.11  31.32  33.57
Arduino: -111.00  -4.72  -4.60 1140   -0.20  31.44  33.33
Arduino: -111.00  -4.72  -4.60 1140   -0.20  31.65  33.13
Arduino: -111.00  -4.72  -4.60 1140   -0.20  31.32  33.88
Arduino: -111.00  -4.72  -4.60 1140   -0.20  31.86  33.10
Arduino: -111.00  -4.72  -4.60 1136    0.41  31.41  32.93
Arduino: -111.00  -4.72  -4.60 1136   -0.20  31.54  34.00
Arduino: -111.00  -4.72  -4.60 1140   -0.50  31.96  32.81
Arduino: -111.00  -4.72  -4.60 1140   -0.20  31.13  33.63
Arduino: -111.00  -4.72  -4.60 1140    0.11  31.13  33.76
Arduino: -111.00  -4.72  -4.60 1140   -0.50  32.22  32.81
Arduino: -111.00  -4.72  -4.60 1140   -0.20  31.57  33.13
Arduino: -111.00  -4.72  -4.60 1140   -0.20  30.94  34.17
Arduino: -111.00  -4.72  -4.60 1140    0.11  31.47  32.91
Arduino: -111.00  -4.72  -4.60 1132    0.11  31.47  33.28
Arduino: -111.00  -4.72  -4.60 1132    0.11  31.67  33.69
Arduino: -111.00  -4.72  -4.60 1136   -0.20  31.98  32.75
Arduino: -111.00  -4.72  -4.60 1136    0.11  31.37  33.48
Arduino: -111.00  -4.72  -4.60 1140    0.41  31.70  33.56
Arduino: -111.00  -4.72  -4.60 1140    0.11  31.37  33.03
Arduino: -111.00  -4.72  -4.60 1140    0.11  31.71  33.68
Arduino: -111.00  -4.72  -4.60 1140    0.11  31.38  33.45
Arduino: -111.00  -4.72  -4.60 1140    0.11  31.51  33.04
Arduino: -111.00  -4.72  -4.60 1140    0.11  31.72  33.70
Arduino: -111.00  -4.72  -4.60 1140   -0.20  31.39  33.45
Arduino: -111.00  -4.72  -4.60 1140   -0.20  31.72  32.83
Arduino: -111.00  -4.72  -4.60 1140    0.11  31.19  33.61
Arduino: -111.00  -4.72  -4.60 1144   -0.20  31.85  33.58
Arduino: -111.00  -4.72  -4.60 1144    0.11  30.98  33.34
Arduino: -111.00  -4.72  -4.60 1136    0.41  31.71  33.93
Arduino: -111.00  -4.72  -4.60 1136   -0.20  31.38  33.36
Arduino: -111.00  -4.72  -4.60 1136    0.11  31.50  32.86
Arduino: -111.00  -4.72  -4.60 1140    0.41  31.71  33.85
Arduino: -111.00  -4.72  -4.60 1140    0.11  31.59  33.49
Arduino: -111.00  -4.72  -4.60 1144   -0.20  31.39  32.87
Arduino: -111.00  -4.72  -4.60 1144    0.11  31.51  33.86
Arduino: -111.00  -4.72  -4.60 1148   -0.20  31.72  33.49
Arduino: -111.00  -4.72  -4.60 1148   -0.20  31.60  33.08
Arduino: -111.00  -4.72  -4.60 1144    0.41  31.81  33.74
Arduino: -111.00  -4.72  -4.60 1144   -0.20  31.49  33.50
Arduino: -111.00  -4.72  -4.60 1144   -0.50  31.41  33.09
Arduino: -111.00  -4.72  -4.60 1144    0.11  31.53  33.75
Arduino: -111.00  -4.72  -4.60 1144    0.11  31.73  33.51
Arduino: -111.00  -4.72  -4.60 1140    0.11  31.62  32.88
Arduino: -111.00  -4.72  -4.60 1140    0.11  31.62  34.08
Arduino: -111.00  -4.72  -4.60 1140    0.11  31.41  33.19
Arduino: -111.00  -4.71  -4.60 1140    0.11  31.25  32.60
Arduino: -111.00  -4.72  -4.60 1140    0.11  31.82  34.29
Arduino: -111.00  -4.71  -4.60 1140   -0.20  31.26  32.90
Arduino: -111.00  -4.71  -4.60 1148    0.11  31.53  33.42
Arduino: -111.00  -4.71  -4.60 1148    0.11  31.74  33.63
Arduino: -111.00  -4.71  -4.60 1140   -0.20  31.62  33.30
Arduino: -111.00  -4.71  -4.60 1140    0.41  31.42  33.22
Arduino: -111.00  -4.71  -4.60 1140    0.11  31.54  33.96
Arduino: -111.00  -4.71  -4.60 1140   -0.20  31.54  32.98
Arduino: -111.00  -4.71  -4.60 1140    0.11  31.54  33.55
Arduino: -111.00  -4.71  -4.60 1140    0.11  31.55  34.05
Arduino: -111.00  -4.71  -4.60 1140   -0.20  31.75  32.87
Arduino: -111.00  -4.71  -4.60 1144    0.11  31.43  33.77
Arduino: -111.00  -4.71  -4.60 1144   -0.20  31.55  33.73
Arduino: -111.00  -4.71  -4.60 1140   -0.20  31.76  32.58
Arduino: -111.00  -4.71  -4.60 1140   -0.20  31.23  34.22
Arduino: -111.00  -4.71  -4.60 1140   -0.20  31.68  33.41
Arduino: -111.00  -4.71  -4.60 1140   -0.20  31.56  32.91
Arduino: -111.00  -4.71  -4.60 1140   -0.20  31.56  33.89
Arduino: -111.00  -4.71  -4.60 1136   -0.20  31.57  33.54
Arduino: -111.00  -4.71  -4.60 1136   -0.20  31.77  33.13
Arduino: -111.00  -4.71  -4.60 1144   -0.20  31.24  34.00
Arduino: -111.00  -4.71  -4.60 1144    0.11  31.69  33.22
Arduino: -111.00  -4.71  -4.60 1140   -0.20  31.78  33.25
Arduino: -111.00  -4.71  -4.60 1140    0.11  31.46  33.99
Arduino: -111.00  -4.71  -4.59 1140   -0.20  31.49  32.79
Arduino: -111.00  -4.71  -4.59 1140   -0.50  31.65  33.45
Arduino: -111.00  -4.71  -4.59 1136    0.11  31.24  34.07
Arduino: -111.00  -4.71  -4.59 1136   -0.20  31.69  32.88
Arduino: -111.00  -4.71  -4.60 1136   -0.20  32.07  33.99
Arduino: -111.00  -4.71  -4.60 1140    0.11  31.47  33.89
Arduino: -111.01  -4.71  -4.60 1140   -0.20  31.79  33.06
Arduino: -111.01  -4.71  -4.60 1140   -0.20  31.24  33.60
Arduino: -111.01  -4.71  -4.60 1140    0.11  31.92  33.90
Arduino: -111.01  -4.71  -4.60 1144   -0.50  31.68  33.04
Arduino: -111.01  -4.71  -4.60 1144   -0.20  31.48  33.82
Arduino: -111.01  -4.71  -4.60 1144   -0.20  31.60  33.78
Arduino: -111.01  -4.71  -4.59 1144   -0.20  31.31  32.62
Arduino: -111.01  -4.71  -4.59 1140    0.11  31.80  33.80
Arduino: -111.01  -4.71  -4.59 1140   -0.20  31.47  33.56
Arduino: -111.01  -4.71  -4.59 1140    0.11  31.80  32.95
Arduino: -111.01  -4.71  -4.59 1140    0.11  31.47  33.94
Arduino: -111.01  -4.71  -4.59 1140   -0.20  31.81  33.36
Arduino: -111.01  -4.71  -4.59 1140   -0.20  31.69  33.07
Arduino: -111.01  -4.71  -4.59 1140   -0.20  31.69  34.14
Arduino: -111.01  -4.71  -4.59 1140    0.11  31.69  33.24
Arduino: -111.01  -4.71  -4.59 1140   -0.20  31.69  33.49
Arduino: -111.01  -4.71  -4.59 1140    0.41  31.49  34.12
Arduino: -111.01  -4.71  -4.59 1140   -0.50  31.61  33.13
Arduino: -111.01  -4.71  -4.59 1140   -0.50  31.82  33.29
Arduino: -111.01  -4.71  -4.59 1140    0.11  31.70  34.04
Arduino: -111.01  -4.71  -4.59 1140    0.11  31.70  33.06
Arduino: -111.01  -4.71  -4.59 1140    0.11  31.50  33.63
Arduino: -111.01  -4.71  -4.59 1140    0.11  31.62  34.13
Arduino: -111.01  -4.71  -4.59 1140   -0.20  31.83  32.95
Arduino: -111.01  -4.71  -4.59 1140   -0.20  31.51  33.63
Arduino: -111.01  -4.71  -4.59 1136   -0.20  32.26  33.43
Arduino: -111.01  -4.71  -4.59 1136   -0.20  31.74  33.17
Arduino: -111.01  -4.71  -4.59 1140    0.11  31.32  34.13
Arduino: -111.01  -4.71  -4.59 1140    0.11  31.52  33.61
Arduino: -111.01  -4.71  -4.59 1140    0.41  31.64  33.20
Arduino: -111.01  -4.71  -4.59 1140   -0.20  31.43  34.06
Arduino: -111.01  -4.71  -4.59 1140   -0.20  31.76  33.49
Arduino: -111.01  -4.71  -4.59 1140    0.11  31.65  33.20
Arduino: -111.01  -4.71  -4.59 1140   -0.20  31.85  33.86
Arduino: -111.01  -4.71  -4.59 1140   -0.20  31.74  33.62
Arduino: -111.01  -4.71  -4.59 1140   -0.20  31.74  33.21
Arduino: -111.01  -4.71  -4.60 1136    0.11  31.83  34.50
Arduino: -111.01  -4.71  -4.60 1136   -0.20  31.88  33.53
Arduino: -111.01  -4.71  -4.60 1144    0.11  31.76  33.44
Arduino: -111.01  -4.71  -4.60 1144   -0.20  31.55  33.98
Arduino: -111.01  -4.71  -4.59 1144   -0.50  31.39  32.90
Arduino: -111.01  -4.71  -4.60 1140   -0.20  32.16  33.77
Arduino: -111.01  -4.71  -4.60 1140   -0.20  31.56  34.11
Arduino: -111.01  -4.71  -4.60 1140   -0.20  31.89  33.33
Arduino: -111.01  -4.71  -4.60 1140    0.11  31.77  33.37
Arduino: -111.01  -4.71  -4.60 1148   -0.20  31.77  34.11
Arduino: -111.01  -4.71  -4.60 1148   -0.20  31.57  33.34
Arduino: -111.01  -4.71  -4.60 1144    0.11  31.69  33.38
Arduino: -111.01  -4.71  -4.60 1144    0.11  31.70  34.12
Arduino: -111.01  -4.71  -4.60 1136   -0.50  31.90  33.35
Arduino: -111.01  -4.71  -4.60 1136   -0.20  31.78  33.80
Arduino: -111.01  -4.71  -4.60 1136    0.11  31.58  33.68
Arduino: -111.02  -4.71  -4.60 1140   -0.50  31.70  33.29
Arduino: -111.02  -4.71  -4.60 1140   -0.20  31.71  33.92
Arduino: -111.02  -4.71  -4.60 1140   -0.20  31.71  33.69
Arduino: -111.02  -4.71  -4.60 1140   -0.20  31.71  33.28
Arduino: -111.02  -4.71  -4.60 1140    0.41  31.92  33.94
Arduino: -111.02  -4.71  -4.60 1140    0.11  31.60  33.69
Arduino: -111.02  -4.71  -4.60 1144    0.11  31.92  33.28
Arduino: -111.02  -4.71  -4.60 1144    0.41  31.60  33.94
Arduino: -111.02  -4.71  -4.60 1136    0.11  31.72  33.49
Arduino: -111.01  -4.71  -4.60 1136    0.11  31.31  33.67
Arduino: -111.02  -4.71  -4.60 1136    0.11  32.33  33.90
Arduino: -111.02  -4.71  -4.60 1140    0.11  31.81  33.37
Arduino: -111.02  -4.71  -4.60 1140   -0.20  31.81  33.42
Arduino: -111.02  -4.71  -4.60 1140    0.11  31.82  34.16
Arduino: -111.02  -4.71  -4.60 1140   -0.20  31.82  33.38
Arduino: -111.02  -4.71  -4.60 1136    0.11  31.82  33.83
Arduino: -111.02  -4.71  -4.60 1136    0.11  31.82  34.13
Arduino: -111.02  -4.71  -4.60 1148   -0.20  31.83  33.06
Arduino: -111.02  -4.71  -4.60 1148    0.11  31.83  33.76
Arduino: -111.02  -4.71  -4.60 1132    0.11  31.62  33.84
Arduino: -111.02  -4.71  -4.60 1132   -0.50  31.75  33.31
Arduino: -111.02  -4.71  -4.60 1132    0.11  31.75  34.17
Arduino: -111.02  -4.71  -4.60 1140   -0.20  31.96  33.81
Arduino: -111.02  -4.71  -4.60 1140   -0.20  32.04  33.20
Arduino: -111.02  -4.71  -4.60 1148    0.11  31.72  33.98
Arduino: -111.02  -4.71  -4.60 1148    0.11  31.84  33.94
Arduino: -111.02  -4.71  -4.60 1136    0.11  31.85  33.20
Arduino: -111.02  -4.72  -4.60 1136    0.41  31.72  34.39
Arduino: -111.02  -4.72  -4.60 1148    0.11  31.90  33.76
Arduino: -111.02  -4.71  -4.60 1148    0.11  31.49  32.93
Arduino: -111.02  -4.72  -4.60 1136    0.41  32.06  34.62
Arduino: -111.02  -4.71  -4.60 1136   -0.20  31.50  33.02
Arduino: -111.02  -4.72  -4.60 1136   -0.20  32.27  33.88
Arduino: -111.02  -4.72  -4.60 1136    0.41  31.87  34.22
Arduino: -111.02  -4.72  -4.60 1136   -0.20  31.88  33.44
Arduino: -111.02  -4.72  -4.60 1140   -0.20  31.67  33.69
Arduino: -111.02  -4.72  -4.60 1140    0.11  31.80  34.11
Arduino: -111.02  -4.72  -4.60 1148    0.11  31.80  33.25
Arduino: -111.01  -4.72  -4.60 1148    0.11  31.81  34.00
Arduino: -111.02  -4.72  -4.60 1136   -0.20  32.21  34.02
Arduino: -111.02  -4.72  -4.60 1136   -0.20  31.77  33.46
Arduino: -111.02  -4.72  -4.60 1136    0.41  31.69  33.71
Arduino: -111.01  -4.72  -4.60 1136    0.11  31.81  33.89
Arduino: -111.02  -4.72  -4.60 1136   -0.50  31.81  33.41
Arduino: -111.02  -4.72  -4.60 1140    0.11  31.81  33.84
Arduino: -111.02  -4.72  -4.60 1140    0.11  31.82  33.92
Arduino: -111.01  -4.71  -4.60 1140   -0.20  31.53  32.94
Arduino: -111.01  -4.72  -4.60 1140    0.11  32.10  34.45
Arduino: -111.01  -4.72  -4.60 1140    0.11  32.46  33.30
Arduino: -111.02  -4.72  -4.59 1140   -0.20  31.43  33.11
Arduino: -111.01  -4.72  -4.60 1140    0.41  31.70  34.72
Arduino: -111.02  -4.72  -4.60 1140   -0.20  31.82  34.04
Arduino: -111.02  -4.72  -4.60 1140   -0.20  32.04  33.28
Arduino: -111.02  -4.72  -4.60 1140    0.11  31.92  34.06
Arduino: -111.02  -4.71  -4.60 1140    0.41  31.42  33.39
Arduino: -111.02  -4.71  -4.60 1140   -0.20  32.03  33.39
Arduino: -111.02  -4.72  -4.60 1140    0.11  32.20  34.48
Arduino: -111.02  -4.71  -4.60 1144   -0.50  31.44  33.41
Arduino: -111.02  -4.71  -4.60 1144    0.11  32.04  33.60
Arduino: -111.02  -4.71  -4.60 1140    0.11  31.92  33.93
Arduino: -111.02  -4.71  -4.60 1140   -0.20  31.92  33.81
Arduino: -111.02  -4.71  -4.60 1140   -0.20  31.92  33.40
Arduino: -111.02  -4.71  -4.60 1140    0.11  31.72  34.06
Arduino: -111.02  -4.71  -4.60 1140   -0.20  32.05  33.82
Arduino: -111.02  -4.71  -4.60 1140   -0.20  31.72  33.61
Arduino: -111.02  -4.72  -4.60 1140    0.41  32.13  34.56
Arduino: -111.02  -4.72  -4.60 1140    0.11  32.07  33.31
Arduino: -111.02  -4.72  -4.60 1140    0.11  32.37  33.59
Arduino: -111.02  -4.72  -4.60 1136    0.41  31.76  34.17
Arduino: -111.02  -4.72  -4.60 1136   -0.20  32.09  33.51
Arduino: -111.02  -4.72  -4.60 1140   -0.20  31.77  33.55
Arduino: -111.02  -4.72  -4.60 1140    0.11  31.89  34.08
Arduino: -111.02  -4.72  -4.59 1140   -0.50  31.40  33.21
Arduino: -111.02  -4.72  -4.60 1140   -0.50  32.09  34.16
Arduino: -111.02  -4.72  -4.60 1140   -0.50  31.59  34.48
Arduino: -111.02  -4.72  -4.60 1140   -0.20  32.30  33.25
Arduino: -111.02  -4.72  -4.60 1140    0.11  31.90  33.77
Arduino: -111.02  -4.72  -4.60 1140    0.41  31.91  33.98
Arduino: -111.02  -4.72  -4.60 1140   -0.20  31.91  33.45
Arduino: -111.02  -4.72  -4.60 1140   -0.20  31.91  34.11
Arduino: -111.02  -4.72  -4.60 1140   -0.20  32.12  33.86
Arduino: -111.02  -4.72  -4.60 1132    0.11  32.00  33.45
Arduino: -111.02  -4.72  -4.60 1132    0.41  31.80  33.90
Arduino: -111.02  -4.72  -4.60 1144    0.11  32.13  33.99
Arduino: -111.02  -4.72  -4.59 1144    0.11  31.72  32.83
Arduino: -111.02  -4.72  -4.60 1140    0.11  32.08  34.43
Arduino: -111.02  -4.72  -4.59 1140    0.41  31.84  33.57
Arduino: -111.02  -4.72  -4.59 1140    0.11  32.20  33.45
Arduino: -111.02  -4.72  -4.60 1140    0.11  32.17  34.53
Arduino: -111.02  -4.72  -4.60 1140   -0.20  31.81  34.09
Arduino: -111.02  -4.72  -4.60 1144   -0.50  32.14  33.55
Arduino: -111.02  -4.72  -4.60 1144    0.11  32.23  34.01
Arduino: -111.02  -4.72  -4.60 1140    0.11  31.90  33.89
Arduino: -111.02  -4.72  -4.60 1140    0.11  31.82  33.48
Arduino: -111.02  -4.72  -4.60 1136    0.11  32.15  34.14
Arduino: -111.02  -4.72  -4.60 1136   -0.20  32.03  33.90
Arduino: -111.02  -4.72  -4.60 1140    0.11  31.83  33.48
Arduino: -111.02  -4.72  -4.60 1140    0.11  32.36  34.14
Arduino: -111.02  -4.72  -4.60 1140   -0.20  31.92  33.70
Arduino: -111.02  -4.72  -4.59 1144   -0.20  31.55  32.99
Arduino: -111.02  -4.72  -4.60 1144    0.11  32.23  34.88
Arduino: -111.02  -4.72  -4.60 1144   -0.20  32.16  33.79
Arduino: -111.02  -4.72  -4.60 1144    0.11  32.05  33.50
Arduino: -111.02  -4.72  -4.60 1128   -0.20  32.05  34.57
Arduino: -111.02  -4.72  -4.60 1128   -0.20  31.84  33.67
Arduino: -111.02  -4.72  -4.60 1144   -0.20  31.97  33.71
Arduino: -111.02  -4.72  -4.60 1144    0.41  32.18  34.25
Arduino: -111.02  -4.72  -4.60 1140    0.11  32.06  33.80
Arduino: -111.02  -4.72  -4.60 1140    0.11  31.85  33.51
Arduino: -111.02  -4.72  -4.60 1140    0.11  31.56  34.46
Arduino: -111.02  -4.72  -4.60 1140    0.11  32.39  33.44
Arduino: -111.02  -4.72  -4.60 1140    0.11  31.35  33.93
Arduino: -111.02  -4.72  -4.60 1136    0.11  32.09  33.99
Arduino: -111.02  -4.72  -4.60 1136    0.11  32.59  33.57
Arduino: -111.02  -4.72  -4.60 1140    0.11  32.07  33.64
Arduino: -111.02  -4.72  -4.60 1140    0.11  31.87  34.38
Arduino: -111.02  -4.72  -4.60 1144    0.11  32.20  33.61
Arduino: -111.02  -4.72  -4.60 1144   -0.20  31.88  33.66
Arduino: -111.02  -4.72  -4.60 1140    0.41  32.20  34.19
Arduino: -111.02  -4.72  -4.60 1140   -0.20  31.88  33.95
Arduino: -111.02  -4.72  -4.60 1140    0.11  32.21  33.54
Arduino: -111.02  -4.72  -4.60 1140    0.11  31.46  34.90
Arduino: -111.02  -4.72  -4.60 1140   -0.50  31.99  33.31
Arduino: -111.02  -4.72  -4.60 1136   -0.20  31.78  33.80
Arduino: -111.02  -4.72  -4.60 1136    0.11  32.11  34.43
Arduino: -111.02  -4.71  -4.60 1140   -0.20  31.70  33.23
Arduino: -111.02  -4.71  -4.60 1140    0.11  32.19  33.67
Arduino: -111.02  -4.71  -4.60 1140    0.41  31.86  34.40
Arduino: -111.02  -4.72  -4.60 1140   -0.20  32.28  34.06
Arduino: -111.02  -4.72  -4.60 1140    0.11  32.21  33.90
Arduino: -111.02  -4.72  -4.60 1140    0.11  32.29  34.11
Arduino: -111.02  -4.72  -4.60 1140   -0.20  32.39  33.50
Arduino: -111.02  -4.72  -4.60 1140    0.11  32.11  33.89
Arduino: -111.02  -4.72  -4.59 1140    0.11  31.83  33.68
Arduino: -111.02  -4.72  -4.59 1136   -0.20  31.90  33.75
Arduino: -111.02  -4.72  -4.59 1136    0.11  31.81  33.67
Arduino: -111.02  -4.72  -4.59 1136    0.41  32.15  34.42
Arduino: -111.02  -4.72  -4.59 1136   -0.20  32.02  33.65
Arduino: -111.02  -4.72  -4.59 1140    0.11  32.03  33.89
Arduino: -111.02  -4.71  -4.60 1140    0.11  31.81  34.59
Arduino: -111.02  -4.72  -4.59 1140    0.11  32.52  33.37
Arduino: -111.02  -4.72  -4.59 1140    0.11  31.91  33.69
Arduino: -111.02  -4.71  -4.60 1140    0.11  31.61  34.92
Arduino: -111.02  -4.71  -4.60 1140    0.11  32.02  33.75
Arduino: -111.02  -4.71  -4.60 1140   -0.20  32.02  33.79
Arduino: -111.02  -4.71  -4.60 1148    0.11  32.02  34.33
Arduino: -111.02  -4.71  -4.60 1148   -0.20  32.02  33.67
Arduino: -111.02  -4.71  -4.60 1140   -0.20  32.03  33.71
Arduino: -111.02  -4.71  -4.60 1140    0.11  32.23  34.25
Arduino: -111.02  -4.71  -4.60 1136   -0.20  31.91  33.80
Arduino: -111.02  -4.71  -4.60 1136   -0.20  32.24  33.93
Arduino: -111.02  -4.71  -4.60 1136   -0.20  32.12  34.34
Arduino: -111.02  -4.71  -4.60 1144   -0.20  31.91  33.47
Arduino: -111.02  -4.71  -4.60 1144    0.41  32.45  34.05
Arduino: -111.02  -4.71  -4.60 1144    0.11  32.00  34.35
Arduino: -111.02  -4.71  -4.60 1144   -0.20  31.92  33.28
Arduino: -111.02  -4.71  -4.60 1140    0.11  32.05  34.18
Arduino: -111.02  -4.71  -4.60 1140    0.11  32.05  34.15
Arduino: -111.02  -4.71  -4.60 1136   -0.50  32.05  33.82
Arduino: -111.02  -4.71  -4.60 1136    0.11  32.26  33.95
Arduino: -111.02  -4.71  -4.60 1140   -0.20  32.14  34.36
Arduino: -111.02  -4.71  -4.60 1140    0.11  32.14  33.71
Arduino: -111.02  -4.71  -4.60 1140    0.11  31.94  33.95
Arduino: -111.02  -4.71  -4.60 1140    0.11  32.27  34.37
Arduino: -111.02  -4.72  -4.59 1140   -0.20  32.37  33.00
Arduino: -111.02  -4.71  -4.60 1148    0.41  31.67  34.27
Arduino: -111.02  -4.71  -4.60 1148   -0.20  32.07  34.71
Arduino: -111.02  -4.71  -4.60 1144   -0.20  32.07  33.40
Arduino: -111.02  -4.71  -4.60 1144    0.11  32.07  34.29
Arduino: -111.02  -4.71  -4.60 1144   -0.20  32.07  34.26
Arduino: -111.02  -4.71  -4.60 1144    0.11  32.08  33.52
Arduino: -111.02  -4.71  -4.60 1136    0.41  32.08  34.09
Arduino: -111.02  -4.71  -4.60 1136    0.11  32.29  34.18
Arduino: -111.02  -4.71  -4.60 1136   -0.20  31.96  33.45
Arduino: -111.02  -4.71  -4.60 1140    0.11  32.09  34.23
Arduino: -111.02  -4.71  -4.60 1140    0.11  32.29  34.39
Arduino: -111.02  -4.71  -4.60 1144   -0.20  31.97  33.53
Arduino: -111.02  -4.71  -4.60 1144    0.11  31.89  34.31
Arduino: -111.02  -4.71  -4.60 1144   -0.20  32.63  34.07
Arduino: -111.02  -4.71  -4.60 1144   -0.20  31.65  33.66
Arduino: -111.02  -4.71  -4.60 1140    0.11  32.43  34.32
Arduino: -111.02  -4.71  -4.60 1140   -0.20  31.98  34.08
Arduino: -111.02  -4.71  -4.60 1136   -0.20  32.31  33.87
Arduino: -111.02  -4.71  -4.60 1136    0.11  31.98  34.41
Arduino: -111.02  -4.71  -4.60 1136   -0.20  32.28  33.96
Arduino: -111.02  -4.71  -4.60 1132    0.11  31.99  33.67
Arduino: -111.02  -4.71  -4.60 1132    0.11  32.32  34.54
Arduino: -111.02  -4.71  -4.60 1140    0.11  32.20  33.97
Arduino: -111.02  -4.71  -4.60 1140   -0.20  31.99  33.68
Arduino: -111.02  -4.71  -4.60 1140    0.11  31.70  34.83
Arduino: -111.02  -4.71  -4.60 1140    0.11  32.31  33.57
Arduino: -111.02  -4.71  -4.60 1140    0.11  32.64  33.66
Arduino: -111.02  -4.71  -4.60 1140   -0.20  31.55  34.63
Arduino: -111.02  -4.71  -4.60 1140   -0.20  32.11  33.91
Arduino: -111.02  -4.71  -4.60 1140    0.11  32.32  33.83
Arduino: -111.02  -4.71  -4.60 1140    0.11  32.20  34.57
Arduino: -111.02  -4.71  -4.60 1132   -0.20  32.20  33.79
Arduino: -111.02  -4.71  -4.60 1132   -0.20  32.41  33.55
Arduino: -111.02  -4.71  -4.60 1144    0.11  32.34  34.78
Arduino: -111.02  -4.71  -4.60 1144   -0.20  32.22  33.67
Arduino: -111.02  -4.71  -4.60 1140   -0.20  32.02  33.62
Arduino: -111.02  -4.71  -4.60 1140    0.11  32.14  34.48
Arduino: -111.02  -4.71  -4.60 1140   -0.20  32.15  33.92
Arduino: -111.02  -4.71  -4.60 1140    0.11  31.94  34.04
Arduino: -111.02  -4.71  -4.60 1140    0.41  32.27  34.46
Arduino: -111.02  -4.71  -4.60 1140   -0.20  32.15  34.01
Arduino: -111.02  -4.71  -4.60 1140    0.11  32.15  33.72
Arduino: -111.02  -4.71  -4.60 1140    0.11  32.36  34.58
Arduino: -111.02  -4.71  -4.60 1140   -0.20  32.04  34.02
Arduino: -111.02  -4.71  -4.60 1140    0.11  32.16  33.73
Arduino: -111.02  -4.71  -4.60 1140    0.11  32.16  34.39
Arduino: -111.02  -4.71  -4.60 1140   -0.20  32.17  34.15
Arduino: -111.02  -4.71  -4.60 1140    0.11  32.17  33.73
Arduino: -111.02  -4.71  -4.61 1144    0.11  32.04  35.30
Arduino: -111.02  -4.71  -4.60 1144    0.11  31.88  33.44
Arduino: -111.02  -4.71  -4.60 1140    0.11  32.15  33.88  1144    0.11  31.88  33.44
Arduino: -4.60 1140    0.11  32.15  33.88
Arduino: -111.02  -4.71  -4.61 1140    0.41  32.69  35.06
Arduino: -111.02  -4.71  -4.61 1140   -0.20  32.05  34.07
Arduino: -111.02  -4.71  -4.61 1152    0.41  32.18  33.78
Arduino: -111.02  -4.71  -4.61 1152   -0.20  32.18  34.64
Arduino: -111.02  -4.71  -4.61 1144   -0.50  32.57  33.87
Arduino: -111.02  -4.71  -4.61 1144   -0.20  32.15  33.91
Arduino: -111.02  -4.71  -4.61 1132    0.41  32.27  34.45
Arduino: -111.02  -4.71  -4.61 1132   -0.20  32.27  34.00
Arduino: -111.02  -4.71  -4.61 1144   -0.20  32.07  34.12
Arduino: -111.02  -4.71  -4.61 1144    0.11  32.19  34.54
Arduino: -111.02  -4.71  -4.61 1140   -0.20  32.19  33.89
Arduino: -111.02  -4.71  -4.61 1140    0.11  32.19  33.92
Arduino: -111.02  -4.71  -4.61 1140   -0.20  32.20  34.67
Arduino: -111.02  -4.71  -4.61 1140   -0.20  32.41  33.89
Arduino: -111.02  -4.71  -4.61 1140   -0.20  32.08  34.14
Arduino: -111.02  -4.72  -4.60 1140   -0.20  32.83  34.05
Arduino: -111.02  -4.72  -4.60 1140   -0.50  32.10  33.80
Arduino: -111.02  -4.72  -4.60 1132    0.11  32.23  34.25
Arduino: -111.02  -4.72  -4.60 1132   -0.20  32.44  34.34
Arduino: -111.02  -4.72  -4.60 1140    0.11  32.11  33.81
Arduino: -111.02  -4.72  -4.60 1140    0.11  32.23  34.26
Arduino: -111.02  -4.72  -4.60 1140   -0.20  32.24  34.34
Arduino: -111.02  -4.71  -4.61 1140   -0.50  31.81  34.10
Arduino: -111.02  -4.71  -4.61 1140    0.41  32.43  34.28
Arduino: -111.02  -4.71  -4.61 1144   -0.20  32.31  34.37
Arduino: -111.02  -4.72  -4.60 1144   -0.20  32.52  33.55
Arduino: -111.02  -4.71  -4.61 1140    0.11  31.81  34.78
Arduino: -111.02  -4.71  -4.61 1140    0.11  32.23  34.04
Arduino: -111.02  -4.71  -4.61 1148    0.11  32.23  33.96
Arduino: -111.02  -4.71  -4.61 1148    0.11  32.44  34.49
Arduino: -111.02  -4.71  -4.61 1136   -0.20  32.53  34.26
Arduino: -111.02  -4.72  -4.60 1136    0.11  32.63  33.55
Arduino: -111.02  -4.71  -4.61 1136    0.11  31.92  34.78
Arduino: -111.02  -4.71  -4.61 1136   -0.20  32.33  34.26
Arduino: -111.02  -4.71  -4.61 1136   -0.20  32.12  33.85
Arduino: -111.02  -4.71  -4.61 1140    0.41  32.25  34.51
Arduino: -111.02  -4.71  -4.61 1140    0.11  32.46  34.06
Arduino: -111.02  -4.71  -4.61 1144    0.11  32.13  33.98
Arduino: -111.02  -4.71  -4.61 1144    0.11  32.46  34.52
Arduino: -111.02  -4.71  -4.61 1140   -0.50  32.13  34.28
Arduino: -111.02  -4.71  -4.61 1140   -0.20  32.46  33.87
Arduino: -111.02  -4.71  -4.61 1140   -0.20  32.35  34.52
Arduino: -111.02  -4.71  -4.61 1140   -0.20  32.56  33.87
Arduino: -111.02  -4.72  -4.60 1144   -0.20  32.85  34.06
Arduino: -111.02  -4.72  -4.60 1144    0.11  32.04  34.61
Arduino: -111.02  -4.72  -4.60 1144    0.11  32.29  34.16
Arduino: -111.02  -4.72  -4.60 1140    0.11  32.30  34.04
Arduino: -111.02  -4.71  -4.61 1140    0.11  32.07  34.93
Arduino: -111.02  -4.71  -4.61 1136    0.11  32.37  33.94
Arduino: -111.02  -4.72  -4.60 1136    0.11  32.58  33.72
Arduino: -111.02  -4.71  -4.61 1140    0.11  31.67  35.03
Arduino: -111.02  -4.72  -4.60 1140    0.11  33.03  33.69
Arduino: -111.02  -4.72  -4.60 1136    0.11  32.18  34.00
Arduino: -111.02  -4.72  -4.60 1136   -0.20  32.51  34.74
Arduino: -111.02  -4.72  -4.60 1140   -0.20  32.39  33.97
Arduino: -111.02  -4.72  -4.60 1140   -0.20  32.19  34.01
Arduino: -111.02  -4.72  -4.60 1140   -0.20  32.51  34.78
Arduino: -111.02  -4.72  -4.60 1140   -0.20  32.40  33.77
Arduino: -111.02  -4.72  -4.60 1140    0.11  32.40  34.14
Arduino: -111.02  -4.72  -4.60 1144    0.11  32.41  34.76
Arduino: -111.02  -4.72  -4.60 1144   -0.20  32.41  34.19
Arduino: -111.02  -4.72  -4.61 1140   -0.20  32.49  34.32
Arduino: -111.02  -4.72  -4.61 1140   -0.20  32.55  34.58
Arduino: -111.02  -4.72  -4.61 1144   -0.20  32.22  34.13
Arduino: -111.02  -4.72  -4.61 1144    0.11  32.55  33.84
Arduino: -111.02  -4.72  -4.61 1140   -0.20  32.43  34.91
Arduino: -111.02  -4.72  -4.61 1140   -0.50  32.43  34.22
Arduino: -111.02  -4.72  -4.61 1140   -0.20  32.03  33.94
Arduino: -111.02  -4.72  -4.61 1140    0.41  32.68  34.59
Arduino: -111.02  -4.73  -4.61 1140    0.11  32.66  33.85
Arduino: -111.02  -4.72  -4.61 1140   -0.20  31.95  34.55
Arduino: -111.02  -4.73  -4.61 1140    0.11  32.99  34.18
Arduino: -111.02  -4.72  -4.60 1136   -0.50  31.97  33.50
Arduino: -111.02  -4.73  -4.61 1136    0.11  32.87  34.78
Arduino: -111.02  -4.72  -4.61 1136    0.11  31.84  34.76
Arduino: -111.02  -4.72  -4.60 1136   -0.50  32.71  33.44
Arduino: -111.02  -4.73  -4.61 1140    0.11  32.75  34.88
Arduino: -111.02  -4.72  -4.61 1140    0.11  31.85  34.85
Arduino: -111.02  -4.73  -4.61 1140   -0.20  32.80  33.75
Arduino: -111.02  -4.73  -4.61 1140    0.11  32.40  34.27
Arduino: -111.02  -4.73  -4.61 1140    0.11  32.40  34.69
Arduino: -111.02  -4.73  -4.61 1140    0.11  32.61  33.83
Arduino: -111.02  -4.73  -4.61 1140    0.11  32.28  34.40
Arduino: -111.02  -4.73  -4.61 1148   -0.20  32.82  34.49
Arduino: -111.02  -4.73  -4.61 1148   -0.20  32.37  34.16
Arduino: -111.02  -4.72  -4.61 1140    0.11  31.87  34.78
Arduino: -111.02  -4.72  -4.61 1140   -0.20  32.39  34.39
Arduino: -111.02  -4.72  -4.61 1140   -0.20  32.60  33.98
Arduino: -111.02  -4.72  -4.61 1140    0.11  32.27  34.64
Arduino: -111.02  -4.72  -4.61 1140    0.11  32.61  34.39
Arduino: -111.02  -4.72  -4.61 1140   -0.20  32.08  33.78
Arduino: -111.02  -4.73  -4.61 1140    0.11  33.15  34.26
Arduino: -111.02  -4.73  -4.61 1140   -0.20  32.51  34.72
Arduino: -111.02  -4.73  -4.61 1140   -0.20  32.31  33.86
Arduino: -111.02  -4.73  -4.61 1148    0.11  32.64  34.64
Arduino: -111.02  -4.73  -4.61 1148   -0.20  32.52  34.39
Arduino: -111.02  -4.73  -4.61 1136   -0.50  32.31  33.77
Arduino: -111.02  -4.73  -4.61 1136    0.11  32.64  34.76
Arduino: -111.02  -4.73  -4.61 1136   -0.20  32.32  34.40
Arduino: -111.02  -4.72  -4.60 1140   -0.50  32.15  33.36
Arduino: -111.02  -4.72  -4.61 1140    0.11  32.09  35.67
Arduino: -111.02  -4.72  -4.60 1144   -0.20  32.26  33.88
Arduino: -111.02  -4.73  -4.61 1144    0.11  33.34  34.12
Arduino: -111.02  -4.73  -4.61 1140    0.41  32.54  34.65
Arduino: -111.02  -4.73  -4.61 1140   -0.20  32.54  34.21
Arduino: -111.02  -4.72  -4.60 1132    0.41  32.04  33.70
Arduino: -111.02  -4.73  -4.61 1132    0.41  32.94  35.26
Arduino: -111.02  -4.72  -4.60 1148   -0.20  32.25  33.87
Arduino: -111.02  -4.72  -4.60 1148    0.11  32.53  33.99
Arduino: -111.02  -4.72  -4.60 1148    0.11  32.12  35.14
Arduino: -111.02  -4.72  -4.60 1140   -0.20  32.95  33.79
Arduino: -111.02  -4.72  -4.60 1140   -0.20  32.33  34.32
Arduino: -111.02  -4.72  -4.61 1140   -0.20  32.53  35.46
Arduino: -111.02  -4.72  -4.60 1140   -0.50  31.02  34.11
Arduino: -111.02  -4.72  -4.60 1140   -0.20  33.26  34.10
Arduino: -111.02  -4.72  -4.60 1140    0.11  32.12  34.55
Arduino: -111.02  -4.72  -4.60 1136   -0.50  32.98  34.23
Arduino: -111.02  -4.72  -4.60 1136    0.11  31.60  34.35
Arduino: -111.02  -4.72  -4.60 1140    0.11  32.40  34.77
Arduino: -111.02  -4.72  -4.60 1140   -0.50  33.11  34.11
Arduino: -111.02  -4.72  -4.60 1140    0.11  32.83  34.36
Arduino: -111.02  -4.72  -4.60 1140   -0.20  31.48  34.77
Arduino: -111.02  -4.72  -4.60 1140   -0.20  33.87  33.82
Arduino: -111.02  -4.72  -4.60 1140    0.11  31.49  34.64
Arduino: -111.02  -4.72  -4.60 1140    0.11  33.21  34.78
Arduino: -111.02  -4.72  -4.60 1140    0.11  31.28  33.92
Arduino: -111.02  -4.72  -4.60 1140    0.11  33.57  34.49
Arduino: -111.02  -4.72  -4.60 1144    0.11  31.90  34.58
Arduino: -111.02  -4.72  -4.60 1144   -0.20  33.00  34.05
Arduino: -111.02  -4.72  -4.60 1140    0.11  31.82  34.50
Arduino: -111.02  -4.72  -4.60 1140   -0.20  33.77  34.50
Arduino: -111.02  -4.72  -4.60 1140   -0.20  32.14  33.92
Arduino: -111.02  -4.73  -4.61 1140    0.41  33.00  34.92
Arduino: -111.02  -4.72  -4.60 1140    0.11  32.11  34.18
Arduino: -111.02  -4.72  -4.60 1144    0.11  32.92  33.84
Arduino: -111.02  -4.72  -4.60 1144    0.11  31.44  35.11
Arduino: -111.02  -4.72  -4.60 1140   -0.20  32.73  34.48
Arduino: -111.02  -4.72  -4.60 1140   -0.20  32.49  33.86
Arduino: -111.02  -4.72  -4.60 1140   -0.20  32.91  34.64
Arduino: -111.02  -4.72  -4.60 1140   -0.20  32.25  34.61
Arduino: -111.02  -4.72  -4.60 1140   -0.20  32.50  33.87
Arduino: -111.02  -4.72  -4.60 1140    0.11  32.71  35.06
Arduino: -111.02  -4.72  -4.60 1140    0.11  32.38  34.37
Arduino: -111.02  -4.72  -4.60 1140   -0.20  32.51  34.08
Arduino: -111.02  -4.72  -4.60 1140    0.41  32.72  34.95
Arduino: -111.02  -4.72  -4.60 1144   -0.20  32.59  34.38
Arduino: -111.02  -4.72  -4.61 1144    0.11  32.88  34.51
Arduino: -111.02  -4.72  -4.61 1136    0.41  32.41  34.97
Arduino: -111.02  -4.72  -4.61 1136   -0.20  32.74  34.40
Arduino: -111.02  -4.72  -4.61 1136    0.41  32.62  34.11
Arduino: -111.02  -4.72  -4.61 1136    0.41  32.21  34.77
Arduino: -111.02  -4.72  -4.60 1140    0.11  32.57  33.70
Arduino: -111.02  -4.72  -4.60 1140    0.41  32.83  34.26
Arduino: -111.02  -4.72  -4.60 1140    0.41  32.75  34.83
Arduino: -111.02  -4.72  -4.60 1140    0.11  32.63  34.17
Arduino: -111.02  -4.72  -4.60 1140    0.11  32.64  34.42
Arduino: -111.02  -4.72  -4.60 1148    0.11  32.64  34.84
Arduino: -111.02  -4.72  -4.60 1148   -0.50  32.64  34.18
Arduino: -111.02  -4.72  -4.60 1136    0.11  32.44  34.43
Arduino: -111.02  -4.72  -4.60 1136   -0.20  32.56  34.64
Arduino: -111.02  -4.72  -4.60 1144   -0.50  32.56  34.31
Arduino: -111.02  -4.72  -4.60 1144   -0.50  32.77  34.44
Arduino: -111.02  -4.72  -4.60 1140    0.11  32.65  35.06
Arduino: -111.02  -4.72  -4.60 1140   -0.20  32.65  34.07
Arduino: -111.02  -4.72  -4.60 1140    0.11  32.45  34.24
Arduino: -111.02  -4.72  -4.60 1140    0.11  32.78  34.98
Arduino: -111.02  -4.72  -4.60 1140   -0.20  32.66  34.20
Arduino: -111.02  -4.72  -4.60 1148    0.41  32.66  34.45
Arduino: -111.02  -4.72  -4.60 1148    0.41  32.25  34.86
Arduino: -111.02  -4.72  -4.60 1140   -0.20  32.70  34.01
Arduino: -111.02  -4.72  -4.60 1140    0.11  32.59  34.79
Arduino: -111.02  -4.72  -4.60 1148    0.11  32.79  34.75
Arduino: -111.02  -4.72  -4.60 1148   -0.20  32.88  34.01
Arduino: -111.02  -4.72  -4.60 1140   -0.20  32.35  34.79
Arduino: -111.02  -4.72  -4.60 1140   -0.20  32.80  34.55
Arduino: -111.02  -4.72  -4.60 1140   -0.20  32.68  34.14
Arduino: -111.02  -4.72  -4.60 1140    0.11  32.68  34.80
Arduino: -111.02  -4.72  -4.60 1140   -0.50  32.69  34.56
Arduino: -111.02  -4.72  -4.60 1140   -0.20  32.48  34.15
Arduino: -111.02  -4.72  -4.60 1140    0.11  32.40  34.80
Arduino: -111.02  -4.72  -4.60 1140   -0.20  32.94  34.36
Arduino: -111.02  -4.72  -4.60 1140    0.11  32.49  34.27
Arduino: -111.02  -4.72  -4.60 1140    0.11  32.61  34.81
Arduino: -111.02  -4.72  -4.60 1140   -0.20  32.82  34.36
Arduino: -111.02  -4.72  -4.60 1140   -0.20  32.50  34.28
Arduino: -111.02  -4.72  -4.60 1140    0.11  32.62  35.02
Arduino: -111.02  -4.72  -4.60 1140   -0.20  32.83  34.25
Arduino: -111.02  -4.72  -4.60 1140    0.41  32.50  34.49
Arduino: -111.02  -4.72  -4.60 1140    0.41  32.83  34.70
Arduino: -111.02  -4.72  -4.60 1140   -0.50  32.51  34.17
Arduino: -111.02  -4.72  -4.60 1140   -0.20  32.63  34.41
Arduino: -111.02  -4.72  -4.60 1144    0.11  32.84  34.83
Arduino: -111.03  -4.72  -4.59 1144   -0.20  32.43  33.79
Arduino: -111.03  -4.72  -4.59 1140   -0.20  32.71  34.61
Arduino: -111.03  -4.72  -4.59 1140   -0.20  32.47  34.69
Arduino: -111.03  -4.72  -4.59 1140   -0.20  32.83  34.37
Arduino: -111.03  -4.72  -4.60 1140    0.41  33.01  34.92
Arduino: -111.03  -4.72  -4.60 1140   -0.20  32.73  34.93
Arduino: -111.03  -4.72  -4.59 1144   -0.20  32.44  33.64
Arduino: -111.03  -4.72  -4.60 1144    0.11  32.80  35.04
Arduino: -111.03  -4.72  -4.59 1148   -0.20  32.36  34.51
Arduino: -111.03  -4.72  -4.59 1148   -0.20  32.84  34.06
Arduino: -111.03  -4.72  -4.60 1144   -0.20  33.02  35.26
Arduino: -111.03  -4.72  -4.60 1144   -0.50  32.74  34.82
Arduino: -111.03  -4.72  -4.60 1148   -0.20  32.74  34.29
Arduino: -111.03  -4.72  -4.60 1148    0.41  32.34  34.94
Arduino: -111.03  -4.72  -4.60 1140   -0.20  32.78  34.29
Arduino: -111.03  -4.72  -4.60 1140   -0.20  32.87  34.33
Arduino: -111.03  -4.72  -4.60 1140    0.41  32.55  34.87
Arduino: -111.03  -4.72  -4.60 1140    0.11  32.67  34.42
Arduino: -111.03  -4.72  -4.60 1140    0.11  32.88  34.34
Arduino: -111.03  -4.72  -4.60 1140    0.11  32.76  34.87
Arduino: -111.03  -4.72  -4.60 1140    0.11  32.56  34.43
Arduino: -111.03  -4.72  -4.60 1144    0.11  32.89  34.55
Arduino: -111.03  -4.72  -4.60 1144    0.11  32.77  35.17
Arduino: -111.03  -4.72  -4.60 1136   -0.20  32.97  34.19
Arduino: -111.03  -4.72  -4.60 1136   -0.50  32.65  34.56
Arduino: -111.03  -4.72  -4.60 1144    0.11  32.36  34.98
Arduino: -111.03  -4.72  -4.59 1144   -0.50  32.73  33.89
Arduino: -111.03  -4.72  -4.60 1144   -0.20  32.43  35.25
Arduino: -111.03  -4.72  -4.60 1140   -0.50  32.67  34.79
Arduino: -111.03  -4.71  -4.60 1140   -0.50  32.59  33.85
Arduino: -111.03  -4.72  -4.60 1136    0.41  33.04  35.32
Arduino: -111.03  -4.72  -4.60 1136    0.11  32.56  35.08
Arduino: -111.03  -4.71  -4.60 1136    0.11  32.60  33.39
Arduino: -111.03  -4.72  -4.60 1136    0.11  32.84  35.44
Arduino: -111.03  -4.71  -4.60 1140   -0.20  32.60  34.26
Arduino: -111.03  -4.71  -4.60 1140    0.11  32.76  34.45
Arduino: -111.03  -4.72  -4.60 1140    0.11  32.64  35.41
Arduino: -111.03  -4.71  -4.60 1140   -0.20  32.73  33.93
Arduino: -111.03  -4.71  -4.60 1140   -0.20  32.77  34.38
Arduino: -111.03  -4.72  -4.60 1140    0.11  32.85  35.33
Arduino: -111.03  -4.71  -4.60 1140   -0.20  32.41  34.27
Arduino: -111.03  -4.71  -4.60 1136   -0.20  32.69  34.47
Arduino: -111.03  -4.72  -4.60 1136    0.11  33.19  35.43
Arduino: -111.03  -4.71  -4.60 1152   -0.20  32.30  33.95
Arduino: -111.03  -4.71  -4.60 1152   -0.20  32.90  34.39
Arduino: -111.03  -4.72  -4.60 1144    0.11  32.66  35.55
Arduino: -111.03  -4.72  -4.60 1144   -0.20  33.25  34.38
Arduino: -111.03  -4.72  -4.60 1140    0.11  32.68  34.42 1144   -0.20  33.25  34.38
Arduino: -4.60 1140    0.11  32.68  34.42
Arduino: -111.03  -4.72  -4.60 1140    0.11  32.60  35.37
Arduino: -111.03  -4.72  -4.60 1140   -0.20  32.72  34.47
Arduino: -111.03  -4.72  -4.60 1140    0.11  32.93  34.51
Arduino: -111.03  -4.72  -4.60 1140    0.41  32.61  35.04
Arduino: -111.03  -4.72  -4.60 1140   -0.50  32.93  34.18
Arduino: -111.03  -4.72  -4.60 1140    0.11  32.61  34.76
Arduino: -111.03  -4.72  -4.60 1144    0.11  32.73  35.05
Arduino: -111.03  -4.72  -4.60 1144   -0.20  32.73  33.99
Arduino: -111.03  -4.72  -4.60 1136    0.11  32.94  34.89
Arduino: -111.03  -4.72  -4.60 1136    0.11  32.62  34.85
Arduino: -111.03  -4.71  -4.60 1140   -0.20  32.66  33.90
Arduino: -111.03  -4.72  -4.60 1140   -0.20  32.90  35.17
Arduino: -111.03  -4.72  -4.60 1140    0.11  32.75  34.86
Arduino: -111.03  -4.71  -4.60 1140   -0.20  32.66  34.11
Arduino: -111.03  -4.72  -4.60 1140    0.11  32.90  35.26
Arduino: -111.03  -4.71  -4.60 1140   -0.20  32.46  34.52
Arduino: -111.03  -4.72  -4.60 1140   -0.20  33.03  34.82
Arduino: -111.03  -4.72  -4.60 1140   -0.20  32.55  35.29
Arduino: -111.03  -4.72  -4.60 1140   -0.20  33.08  34.51
Arduino: -111.03  -4.72  -4.60 1132   -0.20  33.05  34.34
Arduino: -111.03  -4.72  -4.60 1132    0.41  32.31  35.21
Arduino: -111.03  -4.72  -4.60 1140   -0.20  33.09  34.43
Arduino: -111.03  -4.72  -4.60 1140   -0.20  32.64  34.47
Arduino: -111.03  -4.72  -4.60 1140   -0.20  32.56  35.41
Arduino: -111.03  -4.72  -4.60 1140   -0.20  33.31  34.31
Arduino: -111.03  -4.72  -4.60 1140    0.11  32.53  34.89
Arduino: -111.03  -4.72  -4.60 1136   -0.20  32.57  35.18
Arduino: -111.03  -4.72  -4.60 1136   -0.50  33.51  34.12
Arduino: -111.04  -4.71  -4.60 1148   -0.50  32.00  35.05
Arduino: -111.04  -4.71  -4.60 1148   -0.50  33.23  34.98
Arduino: -111.04  -4.71  -4.60 1148   -0.50  32.46  34.24
Arduino: -111.04  -4.71  -4.61 1148   -0.20  32.69  35.31
Arduino: -111.04  -4.71  -4.61 1148   -0.20  32.65  35.21
Arduino: -111.04  -4.71  -4.61 1140   -0.20  32.98  33.94
Arduino: -111.04  -4.71  -4.61 1140   -0.20  32.45  35.17
Arduino: -111.04  -4.71  -4.61 1140   -0.20  32.90  34.80
Arduino: -111.04  -4.71  -4.61 1140   -0.20  32.98  34.39
Arduino: -111.04  -4.71  -4.61 1140    0.11  33.16  35.48
